0.100000 14.100789
0.150000 6.668277
0.200000 2.952020
0.250000 0.722267
0.300000 0.764236
0.350000 1.826024
0.400000 2.622364
0.450000 3.241740
0.500000 3.737241
0.550000 4.142651
0.600000 4.480492
0.650000 4.766358
0.700000 5.011386
0.750000 5.223744
0.800000 5.409556
0.850000 5.573509
0.900000 5.719245
0.950000 5.849639
1.000000 5.966995
1.050000 6.073174
1.100000 6.169700
1.150000 6.257832
1.200000 6.338621
1.250000 6.412946
1.300000 6.481554
1.350000 6.545079
1.400000 6.604067
1.450000 6.658988
1.500000 6.710246
1.550000 6.758198
1.600000 6.803153
1.650000 6.845383
1.700000 6.885129
1.750000 6.922604
1.800000 6.957997
1.850000 6.991476
1.900000 7.023194
1.950000 7.053285
2.000000 7.081872
2.050000 7.109064
2.100000 7.134961
2.150000 7.159654
2.200000 7.183224
2.250000 7.205747
2.300000 7.227291
2.350000 7.247917
2.400000 7.267685
2.450000 7.286645
2.500000 7.304847
2.550000 7.322336
2.600000 7.339151
2.650000 7.355332
2.700000 7.370914
2.750000 7.385929
2.800000 7.400408
2.850000 7.414379
2.900000 7.427868
2.950000 7.440900
3.000000 7.453497
3.050000 7.465682
3.100000 7.477473
3.150000 7.488890
3.200000 7.499951
3.250000 7.510671
3.300000 7.521066
3.350000 7.531151
3.400000 7.540939
3.450000 7.550443
3.500000 7.559676
3.550000 7.568649
3.600000 7.577373
3.650000 7.585857
3.700000 7.594113
3.750000 7.602148
3.800000 7.609971
3.850000 7.617592
3.900000 7.625017
3.950000 7.632254
4.000000 7.639310
4.050000 7.646192
4.100000 7.652906
4.150000 7.659459
4.200000 7.665855
4.250000 7.672101
4.300000 7.678201
4.350000 7.684162
4.400000 7.689987
4.450000 7.695680
4.500000 7.701248
4.550000 7.706693
4.600000 7.712020
4.650000 7.717232
4.700000 7.722333
4.750000 7.727327
4.800000 7.732217
4.850000 7.737006
4.900000 7.741697
4.950000 7.746293
5.000000 7.750798
5.050000 7.755213
5.100000 7.759542
5.150000 7.763787
5.200000 7.767950
5.250000 7.772034
5.300000 7.776041
5.350000 7.779972
5.400000 7.783831
5.450000 7.787620
5.500000 7.791339
5.550000 7.794991
5.600000 7.798578
5.650000 7.802102
5.700000 7.805564
5.750000 7.808965
5.800000 7.812308
5.850000 7.815594
5.900000 7.818824
5.950000 7.822000
6.000000 7.825123
6.050000 7.828194
6.100000 7.831215
6.150000 7.834187
6.200000 7.837111
6.250000 7.839988
6.300000 7.842820
6.350000 7.845606
6.400000 7.848350
6.450000 7.851051
6.500000 7.853710
6.550000 7.856328
6.600000 7.858907
6.650000 7.861447
6.700000 7.863950
6.750000 7.866415
6.800000 7.868844
6.850000 7.871237
6.900000 7.873596
6.950000 7.875921
7.000000 7.878213
7.050000 7.880472
7.100000 7.882699
7.150000 7.884895
7.200000 7.887061
7.250000 7.889197
7.300000 7.891303
7.350000 7.893381
7.400000 7.895431
7.450000 7.897453
7.500000 7.899448
7.550000 7.901417
7.600000 7.903360
7.650000 7.905278
7.700000 7.907170
7.750000 7.909039
7.800000 7.910883
7.850000 7.912704
7.900000 7.914501
7.950000 7.916277
8.000000 7.918030
8.050000 7.919761
8.100000 7.921471
8.150000 7.923159
8.200000 7.924828
8.250000 7.926476
8.300000 7.928104
8.350000 7.929712
8.400000 7.931302
8.450000 7.932873
8.500000 7.934425
8.550000 7.935959
8.600000 7.937475
8.650000 7.938974
8.700000 7.940455
8.750000 7.941920
8.800000 7.943368
8.850000 7.944799
8.900000 7.946215
8.950000 7.947614
9.000000 7.948998
9.050000 7.950367
9.100000 7.951721
9.150000 7.953060
9.200000 7.954384
9.250000 7.955694
9.300000 7.956990
9.350000 7.958272
9.400000 7.959541
9.450000 7.960796
9.500000 7.962038
9.550000 7.963267
9.600000 7.964483
9.650000 7.965686
9.700000 7.966877
9.750000 7.968056
9.800000 7.969223
9.850000 7.970378
9.900000 7.971521
9.950000 7.972653
10.000000 7.973773
10.050000 7.974883
10.100000 7.975981
10.150000 7.977069
10.200000 7.978145
10.250000 7.979212
10.300000 7.980268
10.350000 7.981314
10.400000 7.982349
10.450000 7.983375
10.500000 7.984391
10.550000 7.985398
10.600000 7.986395
10.650000 7.987382
10.700000 7.988361
10.750000 7.989330
10.800000 7.990290
10.850000 7.991242
10.900000 7.992184
10.950000 7.993118
11.000000 7.994044
11.050000 7.994961
11.100000 7.995870
11.150000 7.996771
11.200000 7.997664
11.250000 7.998548
11.300000 7.999425
11.350000 8.000295
11.400000 8.001156
11.450000 8.002010
11.500000 8.002857
11.550000 8.003696
11.600000 8.004529
11.650000 8.005354
11.700000 8.006172
11.750000 8.006982
11.800000 8.007787
11.850000 8.008584
11.900000 8.009374
11.950000 8.010158
12.000000 8.010936
12.050000 8.011707
12.100000 8.012472
12.150000 8.013230
12.200000 8.013982
12.250000 8.014728
12.300000 8.015468
12.350000 8.016202
12.400000 8.016930
12.450000 8.017652
12.500000 8.018368
12.550000 8.019079
12.600000 8.019784
12.650000 8.020484
12.700000 8.021178
12.750000 8.021866
12.800000 8.022549
12.850000 8.023227
12.900000 8.023900
12.950000 8.024567
13.000000 8.025229
13.050000 8.025886
13.100000 8.026539
13.150000 8.027186
13.200000 8.027828
13.250000 8.028465
13.300000 8.029098
13.350000 8.029726
13.400000 8.030349
13.450000 8.030968
13.500000 8.031582
13.550000 8.032191
13.600000 8.032796
13.650000 8.033397
13.700000 8.033993
13.750000 8.034585
13.800000 8.035172
13.850000 8.035756
13.900000 8.036335
13.950000 8.036910
14.000000 8.037481
14.050000 8.038047
14.100000 8.038610
14.150000 8.039169
14.200000 8.039724
14.250000 8.040275
14.300000 8.040822
14.350000 8.041365
14.400000 8.041905
14.450000 8.042441
14.500000 8.042973
14.550000 8.043501
14.600000 8.044026
14.650000 8.044547
14.700000 8.045065
14.750000 8.045579
14.800000 8.046090
14.850000 8.046597
14.900000 8.047101
14.950000 8.047601
15.000000 8.048099
15.050000 8.048592
15.100000 8.049083
15.150000 8.049570
15.200000 8.050054
15.250000 8.050535
15.300000 8.051013
15.350000 8.051488
15.400000 8.051960
15.450000 8.052428
15.500000 8.052894
15.550000 8.053356
15.600000 8.053816
15.650000 8.054272
15.700000 8.054726
15.750000 8.055177
15.800000 8.055625
15.850000 8.056070
15.900000 8.056513
15.950000 8.056952
16.000000 8.057389
16.050000 8.057823
16.100000 8.058255
16.150000 8.058684
16.200000 8.059110
16.250000 8.059533
16.300000 8.059954
16.350000 8.060372
16.400000 8.060788
16.450000 8.061201
16.500000 8.061612
16.550000 8.062020
16.600000 8.062426
16.650000 8.062830
16.700000 8.063231
16.750000 8.063629
16.800000 8.064025
16.850000 8.064419
16.900000 8.064811
16.950000 8.065200
17.000000 8.065587
17.050000 8.065971
17.100000 8.066354
17.150000 8.066734
17.200000 8.067112
17.250000 8.067488
17.300000 8.067861
17.350000 8.068233
17.400000 8.068602
17.450000 8.068969
17.500000 8.069334
17.550000 8.069697
17.600000 8.070058
17.650000 8.070417
17.700000 8.070774
17.750000 8.071129
17.800000 8.071482
17.850000 8.071833
17.900000 8.072182
17.950000 8.072528
18.000000 8.072874
18.050000 8.073217
18.100000 8.073558
18.150000 8.073897
18.200000 8.074235
18.250000 8.074570
18.300000 8.074904
18.350000 8.075236
18.400000 8.075566
18.450000 8.075895
18.500000 8.076222
18.550000 8.076546
18.600000 8.076870
18.650000 8.077191
18.700000 8.077511
18.750000 8.077829
18.800000 8.078145
18.850000 8.078459
18.900000 8.078772
18.950000 8.079084
19.000000 8.079393
19.050000 8.079701
19.100000 8.080008
19.150000 8.080313
19.200000 8.080616
19.250000 8.080917
19.300000 8.081217
19.350000 8.081516
19.400000 8.081813
19.450000 8.082108
19.500000 8.082402
19.550000 8.082695
19.600000 8.082986
19.650000 8.083275
19.700000 8.083563
19.750000 8.083850
19.800000 8.084135
19.850000 8.084419
19.900000 8.084701
19.950000 8.084982
20.000000 8.085261
20.050000 8.085539
20.100000 8.085816
20.150000 8.086091
20.200000 8.086365
20.250000 8.086637
20.300000 8.086909
20.350000 8.087179
20.400000 8.087447
20.450000 8.087714
20.500000 8.087980
20.550000 8.088245
20.600000 8.088508
20.650000 8.088770
20.700000 8.089031
20.750000 8.089291
20.800000 8.089549
20.850000 8.089806
20.900000 8.090062
20.950000 8.090317
21.000000 8.090570
21.050000 8.090822
21.100000 8.091073
21.150000 8.091323
21.200000 8.091572
21.250000 8.091819
21.300000 8.092065
21.350000 8.092311
21.400000 8.092555
21.450000 8.092798
21.500000 8.093039
21.550000 8.093280
21.600000 8.093519
21.650000 8.093758
21.700000 8.093995
21.750000 8.094231
21.800000 8.094466
21.850000 8.094701
21.900000 8.094934
21.950000 8.095165
22.000000 8.095396
22.050000 8.095626
22.100000 8.095855
22.150000 8.096083
22.200000 8.096309
22.250000 8.096535
22.300000 8.096760
22.350000 8.096983
22.400000 8.097206
22.450000 8.097428
22.500000 8.097649
22.550000 8.097868
22.600000 8.098087
22.650000 8.098305
22.700000 8.098522
22.750000 8.098738
22.800000 8.098953
22.850000 8.099167
22.900000 8.099380
22.950000 8.099592
23.000000 8.099803
23.050000 8.100013
23.100000 8.100223
23.150000 8.100431
23.200000 8.100639
23.250000 8.100845
23.300000 8.101051
23.350000 8.101256
23.400000 8.101460
23.450000 8.101663
23.500000 8.101866
23.550000 8.102067
23.600000 8.102268
23.650000 8.102467
23.700000 8.102666
23.750000 8.102864
23.800000 8.103062
23.850000 8.103258
23.900000 8.103454
23.950000 8.103648
24.000000 8.103842
24.050000 8.104036
24.100000 8.104228
24.150000 8.104419
24.200000 8.104610
24.250000 8.104800
24.300000 8.104989
24.350000 8.105178
24.400000 8.105365
24.450000 8.105552
24.500000 8.105738
24.550000 8.105924
24.600000 8.106108
24.650000 8.106292
24.700000 8.106475
24.750000 8.106658
24.800000 8.106839
24.850000 8.107020
24.900000 8.107200
24.950000 8.107380
25.000000 8.107559
25.050000 8.107737
25.100000 8.107914
25.150000 8.108091
25.200000 8.108266
25.250000 8.108442
25.300000 8.108616
25.350000 8.108790
25.400000 8.108963
25.450000 8.109136
25.500000 8.109307
25.550000 8.109479
25.600000 8.109649
25.650000 8.109819
25.700000 8.109988
25.750000 8.110156
25.800000 8.110324
25.850000 8.110491
25.900000 8.110658
25.950000 8.110824
26.000000 8.110989
26.050000 8.111154
26.100000 8.111318
26.150000 8.111481
26.200000 8.111644
26.250000 8.111806
26.300000 8.111967
26.350000 8.112128
26.400000 8.112288
26.450000 8.112448
26.500000 8.112607
26.550000 8.112766
26.600000 8.112923
26.650000 8.113081
26.700000 8.113237
26.750000 8.113393
26.800000 8.113549
26.850000 8.113704
26.900000 8.113858
26.950000 8.114012
27.000000 8.114165
27.050000 8.114318
27.100000 8.114470
27.150000 8.114622
27.200000 8.114773
27.250000 8.114923
27.300000 8.115073
27.350000 8.115222
27.400000 8.115371
27.450000 8.115519
27.500000 8.115667
27.550000 8.115814
27.600000 8.115961
27.650000 8.116107
27.700000 8.116252
27.750000 8.116397
27.800000 8.116542
27.850000 8.116686
27.900000 8.116829
27.950000 8.116972
28.000000 8.117115
28.050000 8.117257
28.100000 8.117398
28.150000 8.117539
28.200000 8.117679
28.250000 8.117819
28.300000 8.117959
28.350000 8.118098
28.400000 8.118236
28.450000 8.118374
28.500000 8.118512
28.550000 8.118649
28.600000 8.118785
28.650000 8.118921
28.700000 8.119057
28.750000 8.119192
28.800000 8.119327
28.850000 8.119461
28.900000 8.119595
28.950000 8.119728
29.000000 8.119861
29.050000 8.119993
29.100000 8.120125
29.150000 8.120256
29.200000 8.120387
29.250000 8.120518
29.300000 8.120648
29.350000 8.120778
29.400000 8.120907
29.450000 8.121036
29.500000 8.121164
29.550000 8.121292
29.600000 8.121419
29.650000 8.121546
29.700000 8.121673
29.750000 8.121799
29.800000 8.121925
29.850000 8.122050
29.900000 8.122175
29.950000 8.122300
30.000000 8.122424
30.050000 8.122547
30.100000 8.122671
30.150000 8.122793
30.200000 8.122916
30.250000 8.123038
30.300000 8.123160
30.350000 8.123281
30.400000 8.123402
30.450000 8.123522
30.500000 8.123642
30.550000 8.123762
30.600000 8.123881
30.650000 8.124000
30.700000 8.124118
30.750000 8.124236
30.800000 8.124354
30.850000 8.124471
30.900000 8.124588
30.950000 8.124705
31.000000 8.124821
31.050000 8.124937
31.100000 8.125053
31.150000 8.125168
31.200000 8.125282
31.250000 8.125397
31.300000 8.125511
31.350000 8.125624
31.400000 8.125738
31.450000 8.125850
31.500000 8.125963
31.550000 8.126075
31.600000 8.126187
31.650000 8.126298
31.700000 8.126410
31.750000 8.126520
31.800000 8.126631
31.850000 8.126741
31.900000 8.126851
31.950000 8.126960
32.000000 8.127069
32.050000 8.127178
32.100000 8.127286
32.150000 8.127394
32.200000 8.127502
32.250000 8.127609
32.300000 8.127716
32.350000 8.127823
32.400000 8.127929
32.450000 8.128035
32.500000 8.128141
32.550000 8.128246
32.600000 8.128351
32.650000 8.128456
32.700000 8.128561
32.750000 8.128665
32.800000 8.128768
32.850000 8.128872
32.900000 8.128975
32.950000 8.129078
33.000000 8.129180
33.050000 8.129283
33.100000 8.129385
33.150000 8.129486
33.200000 8.129588
33.250000 8.129689
33.300000 8.129789
33.350000 8.129890
33.400000 8.129990
33.450000 8.130089
33.500000 8.130189
33.550000 8.130288
33.600000 8.130387
33.650000 8.130486
33.700000 8.130584
33.750000 8.130682
33.800000 8.130780
33.850000 8.130877
33.900000 8.130974
33.950000 8.131071
34.000000 8.131168
34.050000 8.131264
34.100000 8.131360
34.150000 8.131456
34.200000 8.131551
34.250000 8.131646
34.300000 8.131741
34.350000 8.131836
34.400000 8.131930
34.450000 8.132024
34.500000 8.132118
34.550000 8.132212
34.600000 8.132305
34.650000 8.132398
34.700000 8.132491
34.750000 8.132583
34.800000 8.132675
34.850000 8.132767
34.900000 8.132859
34.950000 8.132950
35.000000 8.133042
35.050000 8.133132
35.100000 8.133223
35.150000 8.133313
35.200000 8.133403
35.250000 8.133493
35.300000 8.133583
35.350000 8.133672
35.400000 8.133761
35.450000 8.133850
35.500000 8.133939
35.550000 8.134027
35.600000 8.134115
35.650000 8.134203
35.700000 8.134291
35.750000 8.134378
35.800000 8.134465
35.850000 8.134552
35.900000 8.134639
35.950000 8.134725
36.000000 8.134811
36.050000 8.134897
36.100000 8.134983
36.150000 8.135068
36.200000 8.135153
36.250000 8.135238
36.300000 8.135323
36.350000 8.135408
36.400000 8.135492
36.450000 8.135576
36.500000 8.135660
36.550000 8.135743
36.600000 8.135827
36.650000 8.135910
36.700000 8.135993
36.750000 8.136075
36.800000 8.136158
36.850000 8.136240
36.900000 8.136322
36.950000 8.136404
37.000000 8.136485
37.050000 8.136566
37.100000 8.136648
37.150000 8.136728
37.200000 8.136809
37.250000 8.136890
37.300000 8.136970
37.350000 8.137050
37.400000 8.137130
37.450000 8.137209
37.500000 8.137289
37.550000 8.137368
37.600000 8.137447
37.650000 8.137526
37.700000 8.137604
37.750000 8.137682
37.800000 8.137761
37.850000 8.137838
37.900000 8.137916
37.950000 8.137994
38.000000 8.138071
38.050000 8.138148
38.100000 8.138225
38.150000 8.138302
38.200000 8.138378
38.250000 8.138455
38.300000 8.138531
38.350000 8.138607
38.400000 8.138682
38.450000 8.138758
38.500000 8.138833
38.550000 8.138908
38.600000 8.138983
38.650000 8.139058
38.700000 8.139132
38.750000 8.139207
38.800000 8.139281
38.850000 8.139355
38.900000 8.139429
38.950000 8.139502
39.000000 8.139576
39.050000 8.139649
39.100000 8.139722
39.150000 8.139795
39.200000 8.139867
39.250000 8.139940
39.300000 8.140012
39.350000 8.140084
39.400000 8.140156
39.450000 8.140228
39.500000 8.140299
39.550000 8.140371
39.600000 8.140442
39.650000 8.140513
39.700000 8.140584
39.750000 8.140654
39.800000 8.140725
39.850000 8.140795
39.900000 8.140865
39.950000 8.140935
40.000000 8.141005
40.050000 8.141075
40.100000 8.141144
40.150000 8.141213
40.200000 8.141282
40.250000 8.141351
40.300000 8.141420
40.350000 8.141488
40.400000 8.141557
40.450000 8.141625
40.500000 8.141693
40.550000 8.141761
40.600000 8.141829
40.650000 8.141896
40.700000 8.141964
40.750000 8.142031
40.800000 8.142098
40.850000 8.142165
40.900000 8.142232
40.950000 8.142298
41.000000 8.142365
41.050000 8.142431
41.100000 8.142497
41.150000 8.142563
41.200000 8.142629
41.250000 8.142694
41.300000 8.142760
41.350000 8.142825
41.400000 8.142890
41.450000 8.142955
41.500000 8.143020
41.550000 8.143084
41.600000 8.143149
41.650000 8.143213
41.700000 8.143277
41.750000 8.143341
41.800000 8.143405
41.850000 8.143469
41.900000 8.143533
41.950000 8.143596
42.000000 8.143659
42.050000 8.143723
42.100000 8.143785
42.150000 8.143848
42.200000 8.143911
42.250000 8.143974
42.300000 8.144036
42.350000 8.144098
42.400000 8.144160
42.450000 8.144222
42.500000 8.144284
42.550000 8.144346
42.600000 8.144407
42.650000 8.144468
42.700000 8.144530
42.750000 8.144591
42.800000 8.144652
42.850000 8.144713
42.900000 8.144773
42.950000 8.144834
43.000000 8.144894
43.050000 8.144954
43.100000 8.145014
43.150000 8.145074
43.200000 8.145134
43.250000 8.145194
43.300000 8.145253
43.350000 8.145313
43.400000 8.145372
43.450000 8.145431
43.500000 8.145490
43.550000 8.145549
43.600000 8.145608
43.650000 8.145666
43.700000 8.145725
43.750000 8.145783
43.800000 8.145841
43.850000 8.145899
43.900000 8.145957
43.950000 8.146015
44.000000 8.146073
44.050000 8.146130
44.100000 8.146187
44.150000 8.146245
44.200000 8.146302
44.250000 8.146359
44.300000 8.146416
44.350000 8.146472
44.400000 8.146529
44.450000 8.146586
44.500000 8.146642
44.550000 8.146698
44.600000 8.146754
44.650000 8.146810
44.700000 8.146866
44.750000 8.146922
44.800000 8.146977
44.850000 8.147033
44.900000 8.147088
44.950000 8.147144
45.000000 8.147199
45.050000 8.147254
45.100000 8.147309
45.150000 8.147363
45.200000 8.147418
45.250000 8.147472
45.300000 8.147527
45.350000 8.147581
45.400000 8.147635
45.450000 8.147689
45.500000 8.147743
45.550000 8.147797
45.600000 8.147851
45.650000 8.147904
45.700000 8.147958
45.750000 8.148011
45.800000 8.148064
45.850000 8.148117
45.900000 8.148170
45.950000 8.148223
46.000000 8.148276
46.050000 8.148328
46.100000 8.148381
46.150000 8.148433
46.200000 8.148486
46.250000 8.148538
46.300000 8.148590
46.350000 8.148642
46.400000 8.148694
46.450000 8.148745
46.500000 8.148797
46.550000 8.148849
46.600000 8.148900
46.650000 8.148951
46.700000 8.149002
46.750000 8.149053
46.800000 8.149104
46.850000 8.149155
46.900000 8.149206
46.950000 8.149257
47.000000 8.149307
47.050000 8.149358
47.100000 8.149408
47.150000 8.149458
47.200000 8.149508
47.250000 8.149558
47.300000 8.149608
47.350000 8.149658
47.400000 8.149708
47.450000 8.149757
47.500000 8.149807
47.550000 8.149856
47.600000 8.149905
47.650000 8.149954
47.700000 8.150003
47.750000 8.150052
47.800000 8.150101
47.850000 8.150150
47.900000 8.150199
47.950000 8.150247
48.000000 8.150296
48.050000 8.150344
48.100000 8.150392
48.150000 8.150440
48.200000 8.150488
48.250000 8.150536
48.300000 8.150584
48.350000 8.150632
48.400000 8.150679
48.450000 8.150727
48.500000 8.150774
48.550000 8.150822
48.600000 8.150869
48.650000 8.150916
48.700000 8.150963
48.750000 8.151010
48.800000 8.151057
48.850000 8.151104
48.900000 8.151151
48.950000 8.151197
49.000000 8.151244
49.050000 8.151290
49.100000 8.151336
49.150000 8.151382
49.200000 8.151429
49.250000 8.151475
49.300000 8.151520
49.350000 8.151566
49.400000 8.151612
49.450000 8.151658
49.500000 8.151703
49.550000 8.151749
49.600000 8.151794
49.650000 8.151839
49.700000 8.151885
49.750000 8.151930
49.800000 8.151975
49.850000 8.152020
49.900000 8.152064
49.950000 8.152109
50.000000 8.152154
50.050000 8.152198
50.100000 8.152243
50.150000 8.152287
50.200000 8.152331
50.250000 8.152376
50.300000 8.152420
50.350000 8.152464
50.400000 8.152508
50.450000 8.152551
50.500000 8.152595
50.550000 8.152639
50.600000 8.152682
50.650000 8.152726
50.700000 8.152769
50.750000 8.152813
50.800000 8.152856
50.850000 8.152899
50.900000 8.152942
50.950000 8.152985
51.000000 8.153028
51.050000 8.153071
51.100000 8.153114
51.150000 8.153156
51.200000 8.153199
51.250000 8.153241
51.300000 8.153284
51.350000 8.153326
51.400000 8.153368
51.450000 8.153411
51.500000 8.153453
51.550000 8.153495
51.600000 8.153536
51.650000 8.153578
51.700000 8.153620
51.750000 8.153662
51.800000 8.153703
51.850000 8.153745
51.900000 8.153786
51.950000 8.153828
52.000000 8.153869
52.050000 8.153910
52.100000 8.153951
52.150000 8.153992
52.200000 8.154033
52.250000 8.154074
52.300000 8.154115
52.350000 8.154156
52.400000 8.154196
52.450000 8.154237
52.500000 8.154277
52.550000 8.154318
52.600000 8.154358
52.650000 8.154398
52.700000 8.154438
52.750000 8.154479
52.800000 8.154519
52.850000 8.154559
52.900000 8.154598
52.950000 8.154638
53.000000 8.154678
53.050000 8.154718
53.100000 8.154757
53.150000 8.154797
53.200000 8.154836
53.250000 8.154875
53.300000 8.154915
53.350000 8.154954
53.400000 8.154993
53.450000 8.155032
53.500000 8.155071
53.550000 8.155110
53.600000 8.155149
53.650000 8.155188
53.700000 8.155226
53.750000 8.155265
53.800000 8.155304
53.850000 8.155342
53.900000 8.155380
53.950000 8.155419
54.000000 8.155457
54.050000 8.155495
54.100000 8.155533
54.150000 8.155571
54.200000 8.155609
54.250000 8.155647
54.300000 8.155685
54.350000 8.155723
54.400000 8.155761
54.450000 8.155798
54.500000 8.155836
54.550000 8.155873
54.600000 8.155911
54.650000 8.155948
54.700000 8.155985
54.750000 8.156023
54.800000 8.156060
54.850000 8.156097
54.900000 8.156134
54.950000 8.156171
55.000000 8.156208
55.050000 8.156245
55.100000 8.156281
55.150000 8.156318
55.200000 8.156355
55.250000 8.156391
55.300000 8.156428
55.350000 8.156464
55.400000 8.156501
55.450000 8.156537
55.500000 8.156573
55.550000 8.156609
55.600000 8.156645
55.650000 8.156681
55.700000 8.156717
55.750000 8.156753
55.800000 8.156789
55.850000 8.156825
55.900000 8.156861
55.950000 8.156896
56.000000 8.156932
56.050000 8.156967
56.100000 8.157003
56.150000 8.157038
56.200000 8.157073
56.250000 8.157109
56.300000 8.157144
56.350000 8.157179
56.400000 8.157214
56.450000 8.157249
56.500000 8.157284
56.550000 8.157319
56.600000 8.157354
56.650000 8.157389
56.700000 8.157423
56.750000 8.157458
56.800000 8.157493
56.850000 8.157527
56.900000 8.157562
56.950000 8.157596
57.000000 8.157630
57.050000 8.157665
57.100000 8.157699
57.150000 8.157733
57.200000 8.157767
57.250000 8.157801
57.300000 8.157835
57.350000 8.157869
57.400000 8.157903
57.450000 8.157937
57.500000 8.157970
57.550000 8.158004
57.600000 8.158038
57.650000 8.158071
57.700000 8.158105
57.750000 8.158138
57.800000 8.158172
57.850000 8.158205
57.900000 8.158238
57.950000 8.158272
58.000000 8.158305
58.050000 8.158338
58.100000 8.158371
58.150000 8.158404
58.200000 8.158437
58.250000 8.158470
58.300000 8.158503
58.350000 8.158535
58.400000 8.158568
58.450000 8.158601
58.500000 8.158633
58.550000 8.158666
58.600000 8.158698
58.650000 8.158731
58.700000 8.158763
58.750000 8.158796
58.800000 8.158828
58.850000 8.158860
58.900000 8.158892
58.950000 8.158924
59.000000 8.158956
59.050000 8.158988
59.100000 8.159020
59.150000 8.159052
59.200000 8.159084
59.250000 8.159116
59.300000 8.159148
59.350000 8.159179
59.400000 8.159211
59.450000 8.159242
59.500000 8.159274
59.550000 8.159305
59.600000 8.159337
59.650000 8.159368
59.700000 8.159399
59.750000 8.159431
59.800000 8.159462
59.850000 8.159493
59.900000 8.159524
59.950000 8.159555
60.000000 8.159586
60.050000 8.159617
60.100000 8.159648
60.150000 8.159679
60.200000 8.159710
60.250000 8.159740
60.300000 8.159771
60.350000 8.159802
60.400000 8.159832
60.450000 8.159863
60.500000 8.159893
60.550000 8.159924
60.600000 8.159954
60.650000 8.159984
60.700000 8.160015
60.750000 8.160045
60.800000 8.160075
60.850000 8.160105
60.900000 8.160135
60.950000 8.160165
61.000000 8.160195
61.050000 8.160225
61.100000 8.160255
61.150000 8.160285
61.200000 8.160315
61.250000 8.160345
61.300000 8.160374
61.350000 8.160404
61.400000 8.160434
61.450000 8.160463
61.500000 8.160493
61.550000 8.160522
61.600000 8.160551
61.650000 8.160581
61.700000 8.160610
61.750000 8.160639
61.800000 8.160669
61.850000 8.160698
61.900000 8.160727
61.950000 8.160756
62.000000 8.160785
62.050000 8.160814
62.100000 8.160843
62.150000 8.160872
62.200000 8.160901
62.250000 8.160929
62.300000 8.160958
62.350000 8.160987
62.400000 8.161016
62.450000 8.161044
62.500000 8.161073
62.550000 8.161101
62.600000 8.161130
62.650000 8.161158
62.700000 8.161187
62.750000 8.161215
62.800000 8.161243
62.850000 8.161271
62.900000 8.161300
62.950000 8.161328
63.000000 8.161356
63.050000 8.161384
63.100000 8.161412
63.150000 8.161440
63.200000 8.161468
63.250000 8.161496
63.300000 8.161524
63.350000 8.161551
63.400000 8.161579
63.450000 8.161607
63.500000 8.161635
63.550000 8.161662
63.600000 8.161690
63.650000 8.161717
63.700000 8.161745
63.750000 8.161772
63.800000 8.161800
63.850000 8.161827
63.900000 8.161854
63.950000 8.161882
64.000000 8.161909
64.050000 8.161936
64.100000 8.161963
64.150000 8.161990
64.200000 8.162017
64.250000 8.162044
64.300000 8.162071
64.350000 8.162098
64.400000 8.162125
64.450000 8.162152
64.500000 8.162179
64.550000 8.162206
64.600000 8.162232
64.650000 8.162259
64.700000 8.162286
64.750000 8.162312
64.800000 8.162339
64.850000 8.162366
64.900000 8.162392
64.950000 8.162418
65.000000 8.162445
65.050000 8.162471
65.100000 8.162498
65.150000 8.162524
65.200000 8.162550
65.250000 8.162576
65.300000 8.162602
65.350000 8.162629
65.400000 8.162655
65.450000 8.162681
65.500000 8.162707
65.550000 8.162733
65.600000 8.162759
65.650000 8.162785
65.700000 8.162810
65.750000 8.162836
65.800000 8.162862
65.850000 8.162888
65.900000 8.162913
65.950000 8.162939
66.000000 8.162965
66.050000 8.162990
66.100000 8.163016
66.150000 8.163041
66.200000 8.163067
66.250000 8.163092
66.300000 8.163117
66.350000 8.163143
66.400000 8.163168
66.450000 8.163193
66.500000 8.163219
66.550000 8.163244
66.600000 8.163269
66.650000 8.163294
66.700000 8.163319
66.750000 8.163344
66.800000 8.163369
66.850000 8.163394
66.900000 8.163419
66.950000 8.163444
67.000000 8.163469
67.050000 8.163494
67.100000 8.163518
67.150000 8.163543
67.200000 8.163568
67.250000 8.163593
67.300000 8.163617
67.350000 8.163642
67.400000 8.163666
67.450000 8.163691
67.500000 8.163715
67.550000 8.163740
67.600000 8.163764
67.650000 8.163789
67.700000 8.163813
67.750000 8.163837
67.800000 8.163862
67.850000 8.163886
67.900000 8.163910
67.950000 8.163934
68.000000 8.163958
68.050000 8.163982
68.100000 8.164006
68.150000 8.164030
68.200000 8.164054
68.250000 8.164078
68.300000 8.164102
68.350000 8.164126
68.400000 8.164150
68.450000 8.164174
68.500000 8.164198
68.550000 8.164221
68.600000 8.164245
68.650000 8.164269
68.700000 8.164292
68.750000 8.164316
68.800000 8.164340
68.850000 8.164363
68.900000 8.164387
68.950000 8.164410
69.000000 8.164433
69.050000 8.164457
69.100000 8.164480
69.150000 8.164504
69.200000 8.164527
69.250000 8.164550
69.300000 8.164573
69.350000 8.164597
69.400000 8.164620
69.450000 8.164643
69.500000 8.164666
69.550000 8.164689
69.600000 8.164712
69.650000 8.164735
69.700000 8.164758
69.750000 8.164781
69.800000 8.164804
69.850000 8.164827
69.900000 8.164850
69.950000 8.164872
70.000000 8.164895
70.050000 8.164918
70.100000 8.164941
70.150000 8.164963
70.200000 8.164986
70.250000 8.165009
70.300000 8.165031
70.350000 8.165054
70.400000 8.165076
70.450000 8.165099
70.500000 8.165121
70.550000 8.165143
70.600000 8.165166
70.650000 8.165188
70.700000 8.165211
70.750000 8.165233
70.800000 8.165255
70.850000 8.165277
70.900000 8.165299
70.950000 8.165322
71.000000 8.165344
71.050000 8.165366
71.100000 8.165388
71.150000 8.165410
71.200000 8.165432
71.250000 8.165454
71.300000 8.165476
71.350000 8.165498
71.400000 8.165520
71.450000 8.165542
71.500000 8.165563
71.550000 8.165585
71.600000 8.165607
71.650000 8.165629
71.700000 8.165650
71.750000 8.165672
71.800000 8.165694
71.850000 8.165715
71.900000 8.165737
71.950000 8.165758
72.000000 8.165780
72.050000 8.165801
72.100000 8.165823
72.150000 8.165844
72.200000 8.165866
72.250000 8.165887
72.300000 8.165908
72.350000 8.165930
72.400000 8.165951
72.450000 8.165972
72.500000 8.165994
72.550000 8.166015
72.600000 8.166036
72.650000 8.166057
72.700000 8.166078
72.750000 8.166099
72.800000 8.166120
72.850000 8.166141
72.900000 8.166162
72.950000 8.166183
73.000000 8.166204
73.050000 8.166225
73.100000 8.166246
73.150000 8.166267
73.200000 8.166288
73.250000 8.166308
73.300000 8.166329
73.350000 8.166350
73.400000 8.166371
73.450000 8.166391
73.500000 8.166412
73.550000 8.166433
73.600000 8.166453
73.650000 8.166474
73.700000 8.166494
73.750000 8.166515
73.800000 8.166535
73.850000 8.166556
73.900000 8.166576
73.950000 8.166597
74.000000 8.166617
74.050000 8.166637
74.100000 8.166658
74.150000 8.166678
74.200000 8.166698
74.250000 8.166718
74.300000 8.166739
74.350000 8.166759
74.400000 8.166779
74.450000 8.166799
74.500000 8.166819
74.550000 8.166839
74.600000 8.166859
74.650000 8.166879
74.700000 8.166899
74.750000 8.166919
74.800000 8.166939
74.850000 8.166959
74.900000 8.166979
74.950000 8.166999
75.000000 8.167019
75.050000 8.167039
75.100000 8.167058
75.150000 8.167078
75.200000 8.167098
75.250000 8.167117
75.300000 8.167137
75.350000 8.167157
75.400000 8.167176
75.450000 8.167196
75.500000 8.167216
75.550000 8.167235
75.600000 8.167255
75.650000 8.167274
75.700000 8.167294
75.750000 8.167313
75.800000 8.167332
75.850000 8.167352
75.900000 8.167371
75.950000 8.167391
76.000000 8.167410
76.050000 8.167429
76.100000 8.167448
76.150000 8.167468
76.200000 8.167487
76.250000 8.167506
76.300000 8.167525
76.350000 8.167544
76.400000 8.167564
76.450000 8.167583
76.500000 8.167602
76.550000 8.167621
76.600000 8.167640
76.650000 8.167659
76.700000 8.167678
76.750000 8.167697
76.800000 8.167716
76.850000 8.167734
76.900000 8.167753
76.950000 8.167772
77.000000 8.167791
77.050000 8.167810
77.100000 8.167828
77.150000 8.167847
77.200000 8.167866
77.250000 8.167885
77.300000 8.167903
77.350000 8.167922
77.400000 8.167941
77.450000 8.167959
77.500000 8.167978
77.550000 8.167996
77.600000 8.168015
77.650000 8.168033
77.700000 8.168052
77.750000 8.168070
77.800000 8.168089
77.850000 8.168107
77.900000 8.168125
77.950000 8.168144
78.000000 8.168162
78.050000 8.168180
78.100000 8.168199
78.150000 8.168217
78.200000 8.168235
78.250000 8.168254
78.300000 8.168272
78.350000 8.168290
78.400000 8.168308
78.450000 8.168326
78.500000 8.168344
78.550000 8.168362
78.600000 8.168380
78.650000 8.168398
78.700000 8.168416
78.750000 8.168434
78.800000 8.168452
78.850000 8.168470
78.900000 8.168488
78.950000 8.168506
79.000000 8.168524
79.050000 8.168542
79.100000 8.168560
79.150000 8.168578
79.200000 8.168595
79.250000 8.168613
79.300000 8.168631
79.350000 8.168649
79.400000 8.168666
79.450000 8.168684
79.500000 8.168702
79.550000 8.168719
79.600000 8.168737
79.650000 8.168754
79.700000 8.168772
79.750000 8.168789
79.800000 8.168807
79.850000 8.168824
79.900000 8.168842
79.950000 8.168859
80.000000 8.168877
80.050000 8.168894
80.100000 8.168912
80.150000 8.168929
80.200000 8.168946
80.250000 8.168964
80.300000 8.168981
80.350000 8.168998
80.400000 8.169016
80.450000 8.169033
80.500000 8.169050
80.550000 8.169067
80.600000 8.169084
80.650000 8.169101
80.700000 8.169119
80.750000 8.169136
80.800000 8.169153
80.850000 8.169170
80.900000 8.169187
80.950000 8.169204
81.000000 8.169221
81.050000 8.169238
81.100000 8.169255
81.150000 8.169272
81.200000 8.169289
81.250000 8.169306
81.300000 8.169323
81.350000 8.169339
81.400000 8.169356
81.450000 8.169373
81.500000 8.169390
81.550000 8.169407
81.600000 8.169423
81.650000 8.169440
81.700000 8.169457
81.750000 8.169473
81.800000 8.169490
81.850000 8.169507
81.900000 8.169523
81.950000 8.169540
82.000000 8.169557
82.050000 8.169573
82.100000 8.169590
82.150000 8.169606
82.200000 8.169623
82.250000 8.169639
82.300000 8.169656
82.350000 8.169672
82.400000 8.169689
82.450000 8.169705
82.500000 8.169721
82.550000 8.169738
82.600000 8.169754
82.650000 8.169771
82.700000 8.169787
82.750000 8.169803
82.800000 8.169819
82.850000 8.169836
82.900000 8.169852
82.950000 8.169868
83.000000 8.169884
83.050000 8.169900
83.100000 8.169917
83.150000 8.169933
83.200000 8.169949
83.250000 8.169965
83.300000 8.169981
83.350000 8.169997
83.400000 8.170013
83.450000 8.170029
83.500000 8.170045
83.550000 8.170061
83.600000 8.170077
83.650000 8.170093
83.700000 8.170109
83.750000 8.170125
83.800000 8.170141
83.850000 8.170157
83.900000 8.170172
83.950000 8.170188
84.000000 8.170204
84.050000 8.170220
84.100000 8.170236
84.150000 8.170251
84.200000 8.170267
84.250000 8.170283
84.300000 8.170299
84.350000 8.170314
84.400000 8.170330
84.450000 8.170346
84.500000 8.170361
84.550000 8.170377
84.600000 8.170392
84.650000 8.170408
84.700000 8.170423
84.750000 8.170439
84.800000 8.170455
84.850000 8.170470
84.900000 8.170485
84.950000 8.170501
85.000000 8.170516
85.050000 8.170532
85.100000 8.170547
85.150000 8.170563
85.200000 8.170578
85.250000 8.170593
85.300000 8.170609
85.350000 8.170624
85.400000 8.170639
85.450000 8.170655
85.500000 8.170670
85.550000 8.170685
85.600000 8.170700
85.650000 8.170715
85.700000 8.170731
85.750000 8.170746
85.800000 8.170761
85.850000 8.170776
85.900000 8.170791
85.950000 8.170806
86.000000 8.170821
86.050000 8.170836
86.100000 8.170852
86.150000 8.170867
86.200000 8.170882
86.250000 8.170897
86.300000 8.170912
86.350000 8.170926
86.400000 8.170941
86.450000 8.170956
86.500000 8.170971
86.550000 8.170986
86.600000 8.171001
86.650000 8.171016
86.700000 8.171031
86.750000 8.171046
86.800000 8.171060
86.850000 8.171075
86.900000 8.171090
86.950000 8.171105
87.000000 8.171119
87.050000 8.171134
87.100000 8.171149
87.150000 8.171164
87.200000 8.171178
87.250000 8.171193
87.300000 8.171207
87.350000 8.171222
87.400000 8.171237
87.450000 8.171251
87.500000 8.171266
87.550000 8.171280
87.600000 8.171295
87.650000 8.171309
87.700000 8.171324
87.750000 8.171338
87.800000 8.171353
87.850000 8.171367
87.900000 8.171382
87.950000 8.171396
88.000000 8.171411
88.050000 8.171425
88.100000 8.171439
88.150000 8.171454
88.200000 8.171468
88.250000 8.171482
88.300000 8.171497
88.350000 8.171511
88.400000 8.171525
88.450000 8.171540
88.500000 8.171554
88.550000 8.171568
88.600000 8.171582
88.650000 8.171596
88.700000 8.171611
88.750000 8.171625
88.800000 8.171639
88.850000 8.171653
88.900000 8.171667
88.950000 8.171681
89.000000 8.171695
89.050000 8.171709
89.100000 8.171723
89.150000 8.171738
89.200000 8.171752
89.250000 8.171766
89.300000 8.171780
89.350000 8.171793
89.400000 8.171807
89.450000 8.171821
89.500000 8.171835
89.550000 8.171849
89.600000 8.171863
89.650000 8.171877
89.700000 8.171891
89.750000 8.171905
89.800000 8.171919
89.850000 8.171932
89.900000 8.171946
89.950000 8.171960
90.000000 8.171974
90.050000 8.171987
90.100000 8.172001
90.150000 8.172015
90.200000 8.172029
90.250000 8.172042
90.300000 8.172056
90.350000 8.172070
90.400000 8.172083
90.450000 8.172097
90.500000 8.172111
90.550000 8.172124
90.600000 8.172138
90.650000 8.172151
90.700000 8.172165
90.750000 8.172178
90.800000 8.172192
90.850000 8.172206
90.900000 8.172219
90.950000 8.172233
91.000000 8.172246
91.050000 8.172259
91.100000 8.172273
91.150000 8.172286
91.200000 8.172300
91.250000 8.172313
91.300000 8.172326
91.350000 8.172340
91.400000 8.172353
91.450000 8.172367
91.500000 8.172380
91.550000 8.172393
91.600000 8.172406
91.650000 8.172420
91.700000 8.172433
91.750000 8.172446
91.800000 8.172460
91.850000 8.172473
91.900000 8.172486
91.950000 8.172499
92.000000 8.172512
92.050000 8.172525
92.100000 8.172539
92.150000 8.172552
92.200000 8.172565
92.250000 8.172578
92.300000 8.172591
92.350000 8.172604
92.400000 8.172617
92.450000 8.172630
92.500000 8.172643
92.550000 8.172656
92.600000 8.172669
92.650000 8.172682
92.700000 8.172695
92.750000 8.172708
92.800000 8.172721
92.850000 8.172734
92.900000 8.172747
92.950000 8.172760
93.000000 8.172773
93.050000 8.172786
93.100000 8.172799
93.150000 8.172812
93.200000 8.172824
93.250000 8.172837
93.300000 8.172850
93.350000 8.172863
93.400000 8.172876
93.450000 8.172888
93.500000 8.172901
93.550000 8.172914
93.600000 8.172927
93.650000 8.172939
93.700000 8.172952
93.750000 8.172965
93.800000 8.172977
93.850000 8.172990
93.900000 8.173003
93.950000 8.173015
94.000000 8.173028
94.050000 8.173041
94.100000 8.173053
94.150000 8.173066
94.200000 8.173078
94.250000 8.173091
94.300000 8.173103
94.350000 8.173116
94.400000 8.173128
94.450000 8.173141
94.500000 8.173153
94.550000 8.173166
94.600000 8.173178
94.650000 8.173191
94.700000 8.173203
94.750000 8.173216
94.800000 8.173228
94.850000 8.173241
94.900000 8.173253
94.950000 8.173265
95.000000 8.173278
95.050000 8.173290
95.100000 8.173302
95.150000 8.173315
95.200000 8.173327
95.250000 8.173339
95.300000 8.173352
95.350000 8.173364
95.400000 8.173376
95.450000 8.173388
95.500000 8.173401
95.550000 8.173413
95.600000 8.173425
95.650000 8.173437
95.700000 8.173449
95.750000 8.173462
95.800000 8.173474
95.850000 8.173486
95.900000 8.173498
95.950000 8.173510
96.000000 8.173522
96.050000 8.173534
96.100000 8.173546
96.150000 8.173558
96.200000 8.173570
96.250000 8.173582
96.300000 8.173595
96.350000 8.173607
96.400000 8.173619
96.450000 8.173631
96.500000 8.173643
96.550000 8.173654
96.600000 8.173666
96.650000 8.173678
96.700000 8.173690
96.750000 8.173702
96.800000 8.173714
96.850000 8.173726
96.900000 8.173738
96.950000 8.173750
97.000000 8.173762
97.050000 8.173773
97.100000 8.173785
97.150000 8.173797
97.200000 8.173809
97.250000 8.173821
97.300000 8.173832
97.350000 8.173844
97.400000 8.173856
97.450000 8.173868
97.500000 8.173879
97.550000 8.173891
97.600000 8.173903
97.650000 8.173915
97.700000 8.173926
97.750000 8.173938
97.800000 8.173950
97.850000 8.173961
97.900000 8.173973
97.950000 8.173985
98.000000 8.173996
98.050000 8.174008
98.100000 8.174019
98.150000 8.174031
98.200000 8.174043
98.250000 8.174054
98.300000 8.174066
98.350000 8.174077
98.400000 8.174089
98.450000 8.174100
98.500000 8.174112
98.550000 8.174123
98.600000 8.174135
98.650000 8.174146
98.700000 8.174158
98.750000 8.174169
98.800000 8.174180
98.850000 8.174192
98.900000 8.174203
98.950000 8.174215
99.000000 8.174226
99.050000 8.174237
99.100000 8.174249
99.150000 8.174260
99.200000 8.174271
99.250000 8.174283
99.300000 8.174294
99.350000 8.174305
99.400000 8.174317
99.450000 8.174328
99.500000 8.174339
99.550000 8.174350
99.600000 8.174362
99.650000 8.174373
99.700000 8.174384
99.750000 8.174395
99.800000 8.174407
99.850000 8.174418
99.900000 8.174429
99.950000 8.174440
100.000000 8.174451
