0.100000 272026.047013
0.150000 30461.921591
0.200000 5514.217382
0.250000 1030.983956
0.300000 25.993680
0.350000 270.278830
0.400000 315.182684
0.450000 299.759478
0.500000 269.007131
0.550000 237.036444
0.600000 208.073188
0.650000 183.034678
0.700000 161.747295
0.750000 143.725942
0.800000 128.448134
0.850000 115.443520
0.900000 104.315450
0.950000 94.738448
1.000000 86.448366
1.050000 79.231464
1.100000 72.914576
1.150000 67.356916
1.200000 62.443472
1.250000 58.079787
1.300000 54.187843
1.350000 50.702830
1.400000 47.570607
1.450000 44.745693
1.500000 42.189680
1.550000 39.869964
1.600000 37.758734
1.650000 35.832153
1.700000 34.069700
1.750000 32.453634
1.800000 30.968552
1.850000 29.601030
1.900000 28.339325
1.950000 27.173130
2.000000 26.093364
2.050000 25.092004
2.100000 24.161935
2.150000 23.296835
2.200000 22.491065
2.250000 21.739585
2.300000 21.037877
2.350000 20.381881
2.400000 19.767940
2.450000 19.192755
2.500000 18.653337
2.550000 18.146980
2.600000 17.671224
2.650000 17.223829
2.700000 16.802754
2.750000 16.406133
2.800000 16.032261
2.850000 15.679571
2.900000 15.346628
2.950000 15.032112
3.000000 14.734807
3.050000 14.453592
3.100000 14.187433
3.150000 13.935373
3.200000 13.696526
3.250000 13.470074
3.300000 13.255256
3.350000 13.051365
3.400000 12.857745
3.450000 12.673786
3.500000 12.498919
3.550000 12.332615
3.600000 12.174379
3.650000 12.023751
3.700000 11.880298
3.750000 11.743619
3.800000 11.613337
3.850000 11.489098
3.900000 11.370572
3.950000 11.257450
4.000000 11.149440
4.050000 11.046270
4.100000 10.947683
4.150000 10.853440
4.200000 10.763313
4.250000 10.677090
4.300000 10.594571
4.350000 10.515567
4.400000 10.439901
4.450000 10.367405
4.500000 10.297922
4.550000 10.231302
4.600000 10.167406
4.650000 10.106100
4.700000 10.047260
4.750000 9.990767
4.800000 9.936509
4.850000 9.884382
4.900000 9.834283
4.950000 9.786120
5.000000 9.739803
5.050000 9.695246
5.100000 9.652370
5.150000 9.611098
5.200000 9.571358
5.250000 9.533081
5.300000 9.496204
5.350000 9.460663
5.400000 9.426401
5.450000 9.393362
5.500000 9.361493
5.550000 9.330744
5.600000 9.301067
5.650000 9.272418
5.700000 9.244752
5.750000 9.218030
5.800000 9.192211
5.850000 9.167259
5.900000 9.143139
5.950000 9.119816
6.000000 9.097259
6.050000 9.075436
6.100000 9.054319
6.150000 9.033880
6.200000 9.014092
6.250000 8.994929
6.300000 8.976369
6.350000 8.958386
6.400000 8.940960
6.450000 8.924070
6.500000 8.907694
6.550000 8.891814
6.600000 8.876412
6.650000 8.861469
6.700000 8.846969
6.750000 8.832896
6.800000 8.819234
6.850000 8.805968
6.900000 8.793084
6.950000 8.780570
7.000000 8.768410
7.050000 8.756594
7.100000 8.745109
7.150000 8.733944
7.200000 8.723087
7.250000 8.712529
7.300000 8.702258
7.350000 8.692266
7.400000 8.682542
7.450000 8.673079
7.500000 8.663866
7.550000 8.654897
7.600000 8.646163
7.650000 8.637656
7.700000 8.629369
7.750000 8.621295
7.800000 8.613428
7.850000 8.605759
7.900000 8.598284
7.950000 8.590997
8.000000 8.583891
8.050000 8.576960
8.100000 8.570200
8.150000 8.563604
8.200000 8.557169
8.250000 8.550889
8.300000 8.544760
8.350000 8.538776
8.400000 8.532935
8.450000 8.527230
8.500000 8.521660
8.550000 8.516218
8.600000 8.510902
8.650000 8.505709
8.700000 8.500634
8.750000 8.495674
8.800000 8.490826
8.850000 8.486087
8.900000 8.481454
8.950000 8.476923
9.000000 8.472492
9.050000 8.468158
9.100000 8.463919
9.150000 8.459771
9.200000 8.455713
9.250000 8.451742
9.300000 8.447855
9.350000 8.444050
9.400000 8.440326
9.450000 8.436680
9.500000 8.433109
9.550000 8.429612
9.600000 8.426188
9.650000 8.422834
9.700000 8.419547
9.750000 8.416328
9.800000 8.413173
9.850000 8.410082
9.900000 8.407052
9.950000 8.404082
10.000000 8.401171
10.050000 8.398317
10.100000 8.395518
10.150000 8.392774
10.200000 8.390083
10.250000 8.387443
10.300000 8.384854
10.350000 8.382314
10.400000 8.379822
10.450000 8.377377
10.500000 8.374978
10.550000 8.372624
10.600000 8.370313
10.650000 8.368044
10.700000 8.365818
10.750000 8.363631
10.800000 8.361485
10.850000 8.359377
10.900000 8.357307
10.950000 8.355275
11.000000 8.353278
11.050000 8.351317
11.100000 8.349390
11.150000 8.347497
11.200000 8.345637
11.250000 8.343810
11.300000 8.342014
11.350000 8.340249
11.400000 8.338514
11.450000 8.336809
11.500000 8.335132
11.550000 8.333484
11.600000 8.331864
11.650000 8.330271
11.700000 8.328704
11.750000 8.327163
11.800000 8.325648
11.850000 8.324157
11.900000 8.322691
11.950000 8.321249
12.000000 8.319830
12.050000 8.318434
12.100000 8.317060
12.150000 8.315708
12.200000 8.314378
12.250000 8.313069
12.300000 8.311780
12.350000 8.310512
12.400000 8.309263
12.450000 8.308034
12.500000 8.306824
12.550000 8.305633
12.600000 8.304460
12.650000 8.303304
12.700000 8.302167
12.750000 8.301046
12.800000 8.299943
12.850000 8.298856
12.900000 8.297785
12.950000 8.296731
13.000000 8.295691
13.050000 8.294668
13.100000 8.293659
13.150000 8.292665
13.200000 8.291686
13.250000 8.290721
13.300000 8.289769
13.350000 8.288832
13.400000 8.287908
13.450000 8.286997
13.500000 8.286099
13.550000 8.285214
13.600000 8.284341
13.650000 8.283481
13.700000 8.282633
13.750000 8.281796
13.800000 8.280971
13.850000 8.280158
13.900000 8.279355
13.950000 8.278564
14.000000 8.277784
14.050000 8.277014
14.100000 8.276254
14.150000 8.275505
14.200000 8.274766
14.250000 8.274037
14.300000 8.273318
14.350000 8.272608
14.400000 8.271907
14.450000 8.271216
14.500000 8.270534
14.550000 8.269861
14.600000 8.269196
14.650000 8.268541
14.700000 8.267893
14.750000 8.267255
14.800000 8.266624
14.850000 8.266001
14.900000 8.265387
14.950000 8.264780
15.000000 8.264181
15.050000 8.263589
15.100000 8.263005
15.150000 8.262428
15.200000 8.261858
15.250000 8.261296
15.300000 8.260740
15.350000 8.260191
15.400000 8.259649
15.450000 8.259114
15.500000 8.258585
15.550000 8.258063
15.600000 8.257547
15.650000 8.257037
15.700000 8.256533
15.750000 8.256036
15.800000 8.255544
15.850000 8.255058
15.900000 8.254578
15.950000 8.254104
16.000000 8.253635
16.050000 8.253172
16.100000 8.252714
16.150000 8.252261
16.200000 8.251814
16.250000 8.251372
16.300000 8.250935
16.350000 8.250503
16.400000 8.250076
16.450000 8.249654
16.500000 8.249237
16.550000 8.248824
16.600000 8.248416
16.650000 8.248013
16.700000 8.247614
16.750000 8.247220
16.800000 8.246830
16.850000 8.246445
16.900000 8.246063
16.950000 8.245686
17.000000 8.245313
17.050000 8.244945
17.100000 8.244580
17.150000 8.244219
17.200000 8.243862
17.250000 8.243509
17.300000 8.243160
17.350000 8.242815
17.400000 8.242473
17.450000 8.242135
17.500000 8.241801
17.550000 8.241470
17.600000 8.241142
17.650000 8.240818
17.700000 8.240498
17.750000 8.240181
17.800000 8.239867
17.850000 8.239557
17.900000 8.239249
17.950000 8.238945
18.000000 8.238644
18.050000 8.238346
18.100000 8.238052
18.150000 8.237760
18.200000 8.237471
18.250000 8.237185
18.300000 8.236902
18.350000 8.236622
18.400000 8.236345
18.450000 8.236070
18.500000 8.235799
18.550000 8.235530
18.600000 8.235263
18.650000 8.235000
18.700000 8.234739
18.750000 8.234480
18.800000 8.234224
18.850000 8.233971
18.900000 8.233720
18.950000 8.233471
19.000000 8.233225
19.050000 8.232982
19.100000 8.232740
19.150000 8.232501
19.200000 8.232265
19.250000 8.232030
19.300000 8.231798
19.350000 8.231568
19.400000 8.231340
19.450000 8.231115
19.500000 8.230891
19.550000 8.230670
19.600000 8.230451
19.650000 8.230234
19.700000 8.230018
19.750000 8.229805
19.800000 8.229594
19.850000 8.229385
19.900000 8.229177
19.950000 8.228972
20.000000 8.228768
20.050000 8.228567
20.100000 8.228367
20.150000 8.228169
20.200000 8.227973
20.250000 8.227779
20.300000 8.227586
20.350000 8.227395
20.400000 8.227206
20.450000 8.227018
20.500000 8.226833
20.550000 8.226648
20.600000 8.226466
20.650000 8.226285
20.700000 8.226106
20.750000 8.225928
20.800000 8.225752
20.850000 8.225577
20.900000 8.225404
20.950000 8.225233
21.000000 8.225063
21.050000 8.224894
21.100000 8.224727
21.150000 8.224561
21.200000 8.224397
21.250000 8.224234
21.300000 8.224073
21.350000 8.223913
21.400000 8.223754
21.450000 8.223597
21.500000 8.223441
21.550000 8.223286
21.600000 8.223132
21.650000 8.222980
21.700000 8.222830
21.750000 8.222680
21.800000 8.222532
21.850000 8.222385
21.900000 8.222239
21.950000 8.222094
22.000000 8.221951
22.050000 8.221808
22.100000 8.221667
22.150000 8.221527
22.200000 8.221389
22.250000 8.221251
22.300000 8.221114
22.350000 8.220979
22.400000 8.220845
22.450000 8.220712
22.500000 8.220579
22.550000 8.220448
22.600000 8.220318
22.650000 8.220189
22.700000 8.220061
22.750000 8.219934
22.800000 8.219808
22.850000 8.219683
22.900000 8.219559
22.950000 8.219436
23.000000 8.219314
23.050000 8.219193
23.100000 8.219073
23.150000 8.218954
23.200000 8.218836
23.250000 8.218719
23.300000 8.218602
23.350000 8.218487
23.400000 8.218372
23.450000 8.218258
23.500000 8.218145
23.550000 8.218033
23.600000 8.217922
23.650000 8.217812
23.700000 8.217703
23.750000 8.217594
23.800000 8.217486
23.850000 8.217379
23.900000 8.217273
23.950000 8.217168
24.000000 8.217063
24.050000 8.216959
24.100000 8.216856
24.150000 8.216754
24.200000 8.216652
24.250000 8.216552
24.300000 8.216452
24.350000 8.216352
24.400000 8.216254
24.450000 8.216156
24.500000 8.216059
24.550000 8.215963
24.600000 8.215867
24.650000 8.215772
24.700000 8.215678
24.750000 8.215584
24.800000 8.215491
24.850000 8.215399
24.900000 8.215307
24.950000 8.215216
25.000000 8.215126
25.050000 8.215037
25.100000 8.214948
25.150000 8.214859
25.200000 8.214771
25.250000 8.214684
25.300000 8.214598
25.350000 8.214512
25.400000 8.214427
25.450000 8.214342
25.500000 8.214258
25.550000 8.214174
25.600000 8.214092
25.650000 8.214009
25.700000 8.213927
25.750000 8.213846
25.800000 8.213766
25.850000 8.213686
25.900000 8.213606
25.950000 8.213527
26.000000 8.213449
26.050000 8.213371
26.100000 8.213293
26.150000 8.213217
26.200000 8.213140
26.250000 8.213065
26.300000 8.212989
26.350000 8.212914
26.400000 8.212840
26.450000 8.212766
26.500000 8.212693
26.550000 8.212620
26.600000 8.212548
26.650000 8.212476
26.700000 8.212405
26.750000 8.212334
26.800000 8.212264
26.850000 8.212194
26.900000 8.212124
26.950000 8.212055
27.000000 8.211987
27.050000 8.211919
27.100000 8.211851
27.150000 8.211784
27.200000 8.211717
27.250000 8.211651
27.300000 8.211585
27.350000 8.211520
27.400000 8.211455
27.450000 8.211390
27.500000 8.211326
27.550000 8.211262
27.600000 8.211199
27.650000 8.211136
27.700000 8.211073
27.750000 8.211011
27.800000 8.210949
27.850000 8.210888
27.900000 8.210827
27.950000 8.210766
28.000000 8.210706
28.050000 8.210646
28.100000 8.210587
28.150000 8.210527
28.200000 8.210469
28.250000 8.210410
28.300000 8.210352
28.350000 8.210295
28.400000 8.210238
28.450000 8.210181
28.500000 8.210124
28.550000 8.210068
28.600000 8.210012
28.650000 8.209956
28.700000 8.209901
28.750000 8.209846
28.800000 8.209792
28.850000 8.209738
28.900000 8.209684
28.950000 8.209630
29.000000 8.209577
29.050000 8.209524
29.100000 8.209472
29.150000 8.209420
29.200000 8.209368
29.250000 8.209316
29.300000 8.209265
29.350000 8.209214
29.400000 8.209163
29.450000 8.209113
29.500000 8.209063
29.550000 8.209013
29.600000 8.208964
29.650000 8.208914
29.700000 8.208866
29.750000 8.208817
29.800000 8.208769
29.850000 8.208721
29.900000 8.208673
29.950000 8.208625
30.000000 8.208578
30.050000 8.208531
30.100000 8.208485
30.150000 8.208438
30.200000 8.208392
30.250000 8.208346
30.300000 8.208301
30.350000 8.208256
30.400000 8.208210
30.450000 8.208166
30.500000 8.208121
30.550000 8.208077
30.600000 8.208033
30.650000 8.207989
30.700000 8.207946
30.750000 8.207902
30.800000 8.207859
30.850000 8.207817
30.900000 8.207774
30.950000 8.207732
31.000000 8.207690
31.050000 8.207648
31.100000 8.207606
31.150000 8.207565
31.200000 8.207524
31.250000 8.207483
31.300000 8.207442
31.350000 8.207402
31.400000 8.207362
31.450000 8.207322
31.500000 8.207282
31.550000 8.207243
31.600000 8.207203
31.650000 8.207164
31.700000 8.207125
31.750000 8.207087
31.800000 8.207048
31.850000 8.207010
31.900000 8.206972
31.950000 8.206934
32.000000 8.206896
32.050000 8.206859
32.100000 8.206822
32.150000 8.206785
32.200000 8.206748
32.250000 8.206711
32.300000 8.206675
32.350000 8.206639
32.400000 8.206603
32.450000 8.206567
32.500000 8.206531
32.550000 8.206496
32.600000 8.206461
32.650000 8.206425
32.700000 8.206391
32.750000 8.206356
32.800000 8.206321
32.850000 8.206287
32.900000 8.206253
32.950000 8.206219
33.000000 8.206185
33.050000 8.206152
33.100000 8.206118
33.150000 8.206085
33.200000 8.206052
33.250000 8.206019
33.300000 8.205986
33.350000 8.205954
33.400000 8.205921
33.450000 8.205889
33.500000 8.205857
33.550000 8.205825
33.600000 8.205793
33.650000 8.205762
33.700000 8.205730
33.750000 8.205699
33.800000 8.205668
33.850000 8.205637
33.900000 8.205606
33.950000 8.205576
34.000000 8.205545
34.050000 8.205515
34.100000 8.205485
34.150000 8.205455
34.200000 8.205425
34.250000 8.205395
34.300000 8.205366
34.350000 8.205336
34.400000 8.205307
34.450000 8.205278
34.500000 8.205249
34.550000 8.205220
34.600000 8.205192
34.650000 8.205163
34.700000 8.205135
34.750000 8.205107
34.800000 8.205078
34.850000 8.205050
34.900000 8.205023
34.950000 8.204995
35.000000 8.204967
35.050000 8.204940
35.100000 8.204913
35.150000 8.204886
35.200000 8.204859
35.250000 8.204832
35.300000 8.204805
35.350000 8.204778
35.400000 8.204752
35.450000 8.204726
35.500000 8.204699
35.550000 8.204673
35.600000 8.204647
35.650000 8.204622
35.700000 8.204596
35.750000 8.204570
35.800000 8.204545
35.850000 8.204519
35.900000 8.204494
35.950000 8.204469
36.000000 8.204444
36.050000 8.204419
36.100000 8.204395
36.150000 8.204370
36.200000 8.204345
36.250000 8.204321
36.300000 8.204297
36.350000 8.204273
36.400000 8.204249
36.450000 8.204225
36.500000 8.204201
36.550000 8.204177
36.600000 8.204153
36.650000 8.204130
36.700000 8.204107
36.750000 8.204083
36.800000 8.204060
36.850000 8.204037
36.900000 8.204014
36.950000 8.203991
37.000000 8.203969
37.050000 8.203946
37.100000 8.203924
37.150000 8.203901
37.200000 8.203879
37.250000 8.203857
37.300000 8.203835
37.350000 8.203813
37.400000 8.203791
37.450000 8.203769
37.500000 8.203747
37.550000 8.203726
37.600000 8.203704
37.650000 8.203683
37.700000 8.203661
37.750000 8.203640
37.800000 8.203619
37.850000 8.203598
37.900000 8.203577
37.950000 8.203556
38.000000 8.203535
38.050000 8.203515
38.100000 8.203494
38.150000 8.203474
38.200000 8.203453
38.250000 8.203433
38.300000 8.203413
38.350000 8.203393
38.400000 8.203373
38.450000 8.203353
38.500000 8.203333
38.550000 8.203313
38.600000 8.203294
38.650000 8.203274
38.700000 8.203255
38.750000 8.203235
38.800000 8.203216
38.850000 8.203197
38.900000 8.203178
38.950000 8.203159
39.000000 8.203140
39.050000 8.203121
39.100000 8.203102
39.150000 8.203083
39.200000 8.203065
39.250000 8.203046
39.300000 8.203028
39.350000 8.203009
39.400000 8.202991
39.450000 8.202973
39.500000 8.202955
39.550000 8.202936
39.600000 8.202918
39.650000 8.202901
39.700000 8.202883
39.750000 8.202865
39.800000 8.202847
39.850000 8.202830
39.900000 8.202812
39.950000 8.202795
40.000000 8.202777
40.050000 8.202760
40.100000 8.202743
40.150000 8.202726
40.200000 8.202708
40.250000 8.202691
40.300000 8.202674
40.350000 8.202658
40.400000 8.202641
40.450000 8.202624
40.500000 8.202607
40.550000 8.202591
40.600000 8.202574
40.650000 8.202558
40.700000 8.202541
40.750000 8.202525
40.800000 8.202509
40.850000 8.202493
40.900000 8.202477
40.950000 8.202460
41.000000 8.202444
41.050000 8.202429
41.100000 8.202413
41.150000 8.202397
41.200000 8.202381
41.250000 8.202366
41.300000 8.202350
41.350000 8.202334
41.400000 8.202319
41.450000 8.202304
41.500000 8.202288
41.550000 8.202273
41.600000 8.202258
41.650000 8.202243
41.700000 8.202228
41.750000 8.202212
41.800000 8.202198
41.850000 8.202183
41.900000 8.202168
41.950000 8.202153
42.000000 8.202138
42.050000 8.202124
42.100000 8.202109
42.150000 8.202094
42.200000 8.202080
42.250000 8.202066
42.300000 8.202051
42.350000 8.202037
42.400000 8.202023
42.450000 8.202008
42.500000 8.201994
42.550000 8.201980
42.600000 8.201966
42.650000 8.201952
42.700000 8.201938
42.750000 8.201924
42.800000 8.201911
42.850000 8.201897
42.900000 8.201883
42.950000 8.201869
43.000000 8.201856
43.050000 8.201842
43.100000 8.201829
43.150000 8.201815
43.200000 8.201802
43.250000 8.201789
43.300000 8.201775
43.350000 8.201762
43.400000 8.201749
43.450000 8.201736
43.500000 8.201723
43.550000 8.201710
43.600000 8.201697
43.650000 8.201684
43.700000 8.201671
43.750000 8.201658
43.800000 8.201645
43.850000 8.201633
43.900000 8.201620
43.950000 8.201607
44.000000 8.201595
44.050000 8.201582
44.100000 8.201570
44.150000 8.201557
44.200000 8.201545
44.250000 8.201533
44.300000 8.201520
44.350000 8.201508
44.400000 8.201496
44.450000 8.201484
44.500000 8.201472
44.550000 8.201460
44.600000 8.201448
44.650000 8.201436
44.700000 8.201424
44.750000 8.201412
44.800000 8.201400
44.850000 8.201388
44.900000 8.201377
44.950000 8.201365
45.000000 8.201353
45.050000 8.201342
45.100000 8.201330
45.150000 8.201319
45.200000 8.201307
45.250000 8.201296
45.300000 8.201284
45.350000 8.201273
45.400000 8.201262
45.450000 8.201250
45.500000 8.201239
45.550000 8.201228
45.600000 8.201217
45.650000 8.201206
45.700000 8.201195
45.750000 8.201184
45.800000 8.201173
45.850000 8.201162
45.900000 8.201151
45.950000 8.201140
46.000000 8.201129
46.050000 8.201118
46.100000 8.201108
46.150000 8.201097
46.200000 8.201086
46.250000 8.201076
46.300000 8.201065
46.350000 8.201054
46.400000 8.201044
46.450000 8.201034
46.500000 8.201023
46.550000 8.201013
46.600000 8.201002
46.650000 8.200992
46.700000 8.200982
46.750000 8.200971
46.800000 8.200961
46.850000 8.200951
46.900000 8.200941
46.950000 8.200931
47.000000 8.200921
47.050000 8.200911
47.100000 8.200901
47.150000 8.200891
47.200000 8.200881
47.250000 8.200871
47.300000 8.200861
47.350000 8.200851
47.400000 8.200842
47.450000 8.200832
47.500000 8.200822
47.550000 8.200812
47.600000 8.200803
47.650000 8.200793
47.700000 8.200784
47.750000 8.200774
47.800000 8.200765
47.850000 8.200755
47.900000 8.200746
47.950000 8.200736
48.000000 8.200727
48.050000 8.200718
48.100000 8.200708
48.150000 8.200699
48.200000 8.200690
48.250000 8.200681
48.300000 8.200671
48.350000 8.200662
48.400000 8.200653
48.450000 8.200644
48.500000 8.200635
48.550000 8.200626
48.600000 8.200617
48.650000 8.200608
48.700000 8.200599
48.750000 8.200590
48.800000 8.200581
48.850000 8.200572
48.900000 8.200564
48.950000 8.200555
49.000000 8.200546
49.050000 8.200537
49.100000 8.200529
49.150000 8.200520
49.200000 8.200511
49.250000 8.200503
49.300000 8.200494
49.350000 8.200486
49.400000 8.200477
49.450000 8.200469
49.500000 8.200460
49.550000 8.200452
49.600000 8.200443
49.650000 8.200435
49.700000 8.200427
49.750000 8.200418
49.800000 8.200410
49.850000 8.200402
49.900000 8.200394
49.950000 8.200385
50.000000 8.200377
50.050000 8.200369
50.100000 8.200361
50.150000 8.200353
50.200000 8.200345
50.250000 8.200337
50.300000 8.200329
50.350000 8.200321
50.400000 8.200313
50.450000 8.200305
50.500000 8.200297
50.550000 8.200289
50.600000 8.200281
50.650000 8.200273
50.700000 8.200266
50.750000 8.200258
50.800000 8.200250
50.850000 8.200242
50.900000 8.200235
50.950000 8.200227
51.000000 8.200219
51.050000 8.200212
51.100000 8.200204
51.150000 8.200197
51.200000 8.200189
51.250000 8.200182
51.300000 8.200174
51.350000 8.200167
51.400000 8.200159
51.450000 8.200152
51.500000 8.200144
51.550000 8.200137
51.600000 8.200130
51.650000 8.200122
51.700000 8.200115
51.750000 8.200108
51.800000 8.200100
51.850000 8.200093
51.900000 8.200086
51.950000 8.200079
52.000000 8.200072
52.050000 8.200064
52.100000 8.200057
52.150000 8.200050
52.200000 8.200043
52.250000 8.200036
52.300000 8.200029
52.350000 8.200022
52.400000 8.200015
52.450000 8.200008
52.500000 8.200001
52.550000 8.199994
52.600000 8.199987
52.650000 8.199980
52.700000 8.199974
52.750000 8.199967
52.800000 8.199960
52.850000 8.199953
52.900000 8.199946
52.950000 8.199940
53.000000 8.199933
53.050000 8.199926
53.100000 8.199919
53.150000 8.199913
53.200000 8.199906
53.250000 8.199900
53.300000 8.199893
53.350000 8.199886
53.400000 8.199880
53.450000 8.199873
53.500000 8.199867
53.550000 8.199860
53.600000 8.199854
53.650000 8.199847
53.700000 8.199841
53.750000 8.199834
53.800000 8.199828
53.850000 8.199822
53.900000 8.199815
53.950000 8.199809
54.000000 8.199803
54.050000 8.199796
54.100000 8.199790
54.150000 8.199784
54.200000 8.199778
54.250000 8.199771
54.300000 8.199765
54.350000 8.199759
54.400000 8.199753
54.450000 8.199747
54.500000 8.199740
54.550000 8.199734
54.600000 8.199728
54.650000 8.199722
54.700000 8.199716
54.750000 8.199710
54.800000 8.199704
54.850000 8.199698
54.900000 8.199692
54.950000 8.199686
55.000000 8.199680
55.050000 8.199674
55.100000 8.199668
55.150000 8.199662
55.200000 8.199657
55.250000 8.199651
55.300000 8.199645
55.350000 8.199639
55.400000 8.199633
55.450000 8.199627
55.500000 8.199622
55.550000 8.199616
55.600000 8.199610
55.650000 8.199604
55.700000 8.199599
55.750000 8.199593
55.800000 8.199587
55.850000 8.199582
55.900000 8.199576
55.950000 8.199570
56.000000 8.199565
56.050000 8.199559
56.100000 8.199554
56.150000 8.199548
56.200000 8.199543
56.250000 8.199537
56.300000 8.199532
56.350000 8.199526
56.400000 8.199521
56.450000 8.199515
56.500000 8.199510
56.550000 8.199504
56.600000 8.199499
56.650000 8.199494
56.700000 8.199488
56.750000 8.199483
56.800000 8.199477
56.850000 8.199472
56.900000 8.199467
56.950000 8.199461
57.000000 8.199456
57.050000 8.199451
57.100000 8.199446
57.150000 8.199440
57.200000 8.199435
57.250000 8.199430
57.300000 8.199425
57.350000 8.199420
57.400000 8.199414
57.450000 8.199409
57.500000 8.199404
57.550000 8.199399
57.600000 8.199394
57.650000 8.199389
57.700000 8.199384
57.750000 8.199379
57.800000 8.199374
57.850000 8.199369
57.900000 8.199364
57.950000 8.199359
58.000000 8.199354
58.050000 8.199349
58.100000 8.199344
58.150000 8.199339
58.200000 8.199334
58.250000 8.199329
58.300000 8.199324
58.350000 8.199319
58.400000 8.199314
58.450000 8.199309
58.500000 8.199305
58.550000 8.199300
58.600000 8.199295
58.650000 8.199290
58.700000 8.199285
58.750000 8.199281
58.800000 8.199276
58.850000 8.199271
58.900000 8.199266
58.950000 8.199262
59.000000 8.199257
59.050000 8.199252
59.100000 8.199247
59.150000 8.199243
59.200000 8.199238
59.250000 8.199233
59.300000 8.199229
59.350000 8.199224
59.400000 8.199220
59.450000 8.199215
59.500000 8.199210
59.550000 8.199206
59.600000 8.199201
59.650000 8.199197
59.700000 8.199192
59.750000 8.199188
59.800000 8.199183
59.850000 8.199179
59.900000 8.199174
59.950000 8.199170
60.000000 8.199165
60.050000 8.199161
60.100000 8.199156
60.150000 8.199152
60.200000 8.199148
60.250000 8.199143
60.300000 8.199139
60.350000 8.199134
60.400000 8.199130
60.450000 8.199126
60.500000 8.199121
60.550000 8.199117
60.600000 8.199113
60.650000 8.199108
60.700000 8.199104
60.750000 8.199100
60.800000 8.199096
60.850000 8.199091
60.900000 8.199087
60.950000 8.199083
61.000000 8.199079
61.050000 8.199074
61.100000 8.199070
61.150000 8.199066
61.200000 8.199062
61.250000 8.199058
61.300000 8.199054
61.350000 8.199049
61.400000 8.199045
61.450000 8.199041
61.500000 8.199037
61.550000 8.199033
61.600000 8.199029
61.650000 8.199025
61.700000 8.199021
61.750000 8.199017
61.800000 8.199013
61.850000 8.199009
61.900000 8.199005
61.950000 8.199001
62.000000 8.198997
62.050000 8.198993
62.100000 8.198989
62.150000 8.198985
62.200000 8.198981
62.250000 8.198977
62.300000 8.198973
62.350000 8.198969
62.400000 8.198965
62.450000 8.198961
62.500000 8.198957
62.550000 8.198953
62.600000 8.198949
62.650000 8.198945
62.700000 8.198942
62.750000 8.198938
62.800000 8.198934
62.850000 8.198930
62.900000 8.198926
62.950000 8.198922
63.000000 8.198919
63.050000 8.198915
63.100000 8.198911
63.150000 8.198907
63.200000 8.198904
63.250000 8.198900
63.300000 8.198896
63.350000 8.198892
63.400000 8.198889
63.450000 8.198885
63.500000 8.198881
63.550000 8.198878
63.600000 8.198874
63.650000 8.198870
63.700000 8.198867
63.750000 8.198863
63.800000 8.198859
63.850000 8.198856
63.900000 8.198852
63.950000 8.198848
64.000000 8.198845
64.050000 8.198841
64.100000 8.198838
64.150000 8.198834
64.200000 8.198830
64.250000 8.198827
64.300000 8.198823
64.350000 8.198820
64.400000 8.198816
64.450000 8.198813
64.500000 8.198809
64.550000 8.198806
64.600000 8.198802
64.650000 8.198799
64.700000 8.198795
64.750000 8.198792
64.800000 8.198788
64.850000 8.198785
64.900000 8.198781
64.950000 8.198778
65.000000 8.198775
65.050000 8.198771
65.100000 8.198768
65.150000 8.198764
65.200000 8.198761
65.250000 8.198758
65.300000 8.198754
65.350000 8.198751
65.400000 8.198747
65.450000 8.198744
65.500000 8.198741
65.550000 8.198737
65.600000 8.198734
65.650000 8.198731
65.700000 8.198727
65.750000 8.198724
65.800000 8.198721
65.850000 8.198718
65.900000 8.198714
65.950000 8.198711
66.000000 8.198708
66.050000 8.198705
66.100000 8.198701
66.150000 8.198698
66.200000 8.198695
66.250000 8.198692
66.300000 8.198688
66.350000 8.198685
66.400000 8.198682
66.450000 8.198679
66.500000 8.198676
66.550000 8.198672
66.600000 8.198669
66.650000 8.198666
66.700000 8.198663
66.750000 8.198660
66.800000 8.198657
66.850000 8.198654
66.900000 8.198650
66.950000 8.198647
67.000000 8.198644
67.050000 8.198641
67.100000 8.198638
67.150000 8.198635
67.200000 8.198632
67.250000 8.198629
67.300000 8.198626
67.350000 8.198623
67.400000 8.198620
67.450000 8.198617
67.500000 8.198614
67.550000 8.198611
67.600000 8.198608
67.650000 8.198605
67.700000 8.198602
67.750000 8.198599
67.800000 8.198596
67.850000 8.198593
67.900000 8.198590
67.950000 8.198587
68.000000 8.198584
68.050000 8.198581
68.100000 8.198578
68.150000 8.198575
68.200000 8.198572
68.250000 8.198569
68.300000 8.198566
68.350000 8.198563
68.400000 8.198560
68.450000 8.198557
68.500000 8.198555
68.550000 8.198552
68.600000 8.198549
68.650000 8.198546
68.700000 8.198543
68.750000 8.198540
68.800000 8.198537
68.850000 8.198535
68.900000 8.198532
68.950000 8.198529
69.000000 8.198526
69.050000 8.198523
69.100000 8.198520
69.150000 8.198518
69.200000 8.198515
69.250000 8.198512
69.300000 8.198509
69.350000 8.198507
69.400000 8.198504
69.450000 8.198501
69.500000 8.198498
69.550000 8.198496
69.600000 8.198493
69.650000 8.198490
69.700000 8.198487
69.750000 8.198485
69.800000 8.198482
69.850000 8.198479
69.900000 8.198476
69.950000 8.198474
70.000000 8.198471
70.050000 8.198468
70.100000 8.198466
70.150000 8.198463
70.200000 8.198460
70.250000 8.198458
70.300000 8.198455
70.350000 8.198452
70.400000 8.198450
70.450000 8.198447
70.500000 8.198445
70.550000 8.198442
70.600000 8.198439
70.650000 8.198437
70.700000 8.198434
70.750000 8.198431
70.800000 8.198429
70.850000 8.198426
70.900000 8.198424
70.950000 8.198421
71.000000 8.198419
71.050000 8.198416
71.100000 8.198413
71.150000 8.198411
71.200000 8.198408
71.250000 8.198406
71.300000 8.198403
71.350000 8.198401
71.400000 8.198398
71.450000 8.198396
71.500000 8.198393
71.550000 8.198391
71.600000 8.198388
71.650000 8.198386
71.700000 8.198383
71.750000 8.198381
71.800000 8.198378
71.850000 8.198376
71.900000 8.198373
71.950000 8.198371
72.000000 8.198368
72.050000 8.198366
72.100000 8.198364
72.150000 8.198361
72.200000 8.198359
72.250000 8.198356
72.300000 8.198354
72.350000 8.198351
72.400000 8.198349
72.450000 8.198347
72.500000 8.198344
72.550000 8.198342
72.600000 8.198339
72.650000 8.198337
72.700000 8.198335
72.750000 8.198332
72.800000 8.198330
72.850000 8.198328
72.900000 8.198325
72.950000 8.198323
73.000000 8.198321
73.050000 8.198318
73.100000 8.198316
73.150000 8.198314
73.200000 8.198311
73.250000 8.198309
73.300000 8.198307
73.350000 8.198304
73.400000 8.198302
73.450000 8.198300
73.500000 8.198297
73.550000 8.198295
73.600000 8.198293
73.650000 8.198291
73.700000 8.198288
73.750000 8.198286
73.800000 8.198284
73.850000 8.198281
73.900000 8.198279
73.950000 8.198277
74.000000 8.198275
74.050000 8.198272
74.100000 8.198270
74.150000 8.198268
74.200000 8.198266
74.250000 8.198264
74.300000 8.198261
74.350000 8.198259
74.400000 8.198257
74.450000 8.198255
74.500000 8.198253
74.550000 8.198250
74.600000 8.198248
74.650000 8.198246
74.700000 8.198244
74.750000 8.198242
74.800000 8.198239
74.850000 8.198237
74.900000 8.198235
74.950000 8.198233
75.000000 8.198231
75.050000 8.198229
75.100000 8.198227
75.150000 8.198224
75.200000 8.198222
75.250000 8.198220
75.300000 8.198218
75.350000 8.198216
75.400000 8.198214
75.450000 8.198212
75.500000 8.198210
75.550000 8.198208
75.600000 8.198205
75.650000 8.198203
75.700000 8.198201
75.750000 8.198199
75.800000 8.198197
75.850000 8.198195
75.900000 8.198193
75.950000 8.198191
76.000000 8.198189
76.050000 8.198187
76.100000 8.198185
76.150000 8.198183
76.200000 8.198181
76.250000 8.198179
76.300000 8.198177
76.350000 8.198175
76.400000 8.198173
76.450000 8.198171
76.500000 8.198168
76.550000 8.198166
76.600000 8.198164
76.650000 8.198162
76.700000 8.198160
76.750000 8.198158
76.800000 8.198156
76.850000 8.198155
76.900000 8.198153
76.950000 8.198151
77.000000 8.198149
77.050000 8.198147
77.100000 8.198145
77.150000 8.198143
77.200000 8.198141
77.250000 8.198139
77.300000 8.198137
77.350000 8.198135
77.400000 8.198133
77.450000 8.198131
77.500000 8.198129
77.550000 8.198127
77.600000 8.198125
77.650000 8.198123
77.700000 8.198121
77.750000 8.198119
77.800000 8.198118
77.850000 8.198116
77.900000 8.198114
77.950000 8.198112
78.000000 8.198110
78.050000 8.198108
78.100000 8.198106
78.150000 8.198104
78.200000 8.198102
78.250000 8.198101
78.300000 8.198099
78.350000 8.198097
78.400000 8.198095
78.450000 8.198093
78.500000 8.198091
78.550000 8.198089
78.600000 8.198088
78.650000 8.198086
78.700000 8.198084
78.750000 8.198082
78.800000 8.198080
78.850000 8.198078
78.900000 8.198077
78.950000 8.198075
79.000000 8.198073
79.050000 8.198071
79.100000 8.198069
79.150000 8.198068
79.200000 8.198066
79.250000 8.198064
79.300000 8.198062
79.350000 8.198060
79.400000 8.198059
79.450000 8.198057
79.500000 8.198055
79.550000 8.198053
79.600000 8.198051
79.650000 8.198050
79.700000 8.198048
79.750000 8.198046
79.800000 8.198044
79.850000 8.198043
79.900000 8.198041
79.950000 8.198039
80.000000 8.198037
80.050000 8.198036
80.100000 8.198034
80.150000 8.198032
80.200000 8.198030
80.250000 8.198029
80.300000 8.198027
80.350000 8.198025
80.400000 8.198024
80.450000 8.198022
80.500000 8.198020
80.550000 8.198018
80.600000 8.198017
80.650000 8.198015
80.700000 8.198013
80.750000 8.198012
80.800000 8.198010
80.850000 8.198008
80.900000 8.198007
80.950000 8.198005
81.000000 8.198003
81.050000 8.198002
81.100000 8.198000
81.150000 8.197998
81.200000 8.197997
81.250000 8.197995
81.300000 8.197993
81.350000 8.197992
81.400000 8.197990
81.450000 8.197988
81.500000 8.197987
81.550000 8.197985
81.600000 8.197983
81.650000 8.197982
81.700000 8.197980
81.750000 8.197979
81.800000 8.197977
81.850000 8.197975
81.900000 8.197974
81.950000 8.197972
82.000000 8.197970
82.050000 8.197969
82.100000 8.197967
82.150000 8.197966
82.200000 8.197964
82.250000 8.197962
82.300000 8.197961
82.350000 8.197959
82.400000 8.197958
82.450000 8.197956
82.500000 8.197955
82.550000 8.197953
82.600000 8.197951
82.650000 8.197950
82.700000 8.197948
82.750000 8.197947
82.800000 8.197945
82.850000 8.197944
82.900000 8.197942
82.950000 8.197940
83.000000 8.197939
83.050000 8.197937
83.100000 8.197936
83.150000 8.197934
83.200000 8.197933
83.250000 8.197931
83.300000 8.197930
83.350000 8.197928
83.400000 8.197927
83.450000 8.197925
83.500000 8.197924
83.550000 8.197922
83.600000 8.197921
83.650000 8.197919
83.700000 8.197918
83.750000 8.197916
83.800000 8.197915
83.850000 8.197913
83.900000 8.197912
83.950000 8.197910
84.000000 8.197909
84.050000 8.197907
84.100000 8.197906
84.150000 8.197904
84.200000 8.197903
84.250000 8.197901
84.300000 8.197900
84.350000 8.197898
84.400000 8.197897
84.450000 8.197895
84.500000 8.197894
84.550000 8.197892
84.600000 8.197891
84.650000 8.197890
84.700000 8.197888
84.750000 8.197887
84.800000 8.197885
84.850000 8.197884
84.900000 8.197882
84.950000 8.197881
85.000000 8.197879
85.050000 8.197878
85.100000 8.197877
85.150000 8.197875
85.200000 8.197874
85.250000 8.197872
85.300000 8.197871
85.350000 8.197869
85.400000 8.197868
85.450000 8.197867
85.500000 8.197865
85.550000 8.197864
85.600000 8.197862
85.650000 8.197861
85.700000 8.197860
85.750000 8.197858
85.800000 8.197857
85.850000 8.197855
85.900000 8.197854
85.950000 8.197853
86.000000 8.197851
86.050000 8.197850
86.100000 8.197849
86.150000 8.197847
86.200000 8.197846
86.250000 8.197844
86.300000 8.197843
86.350000 8.197842
86.400000 8.197840
86.450000 8.197839
86.500000 8.197838
86.550000 8.197836
86.600000 8.197835
86.650000 8.197834
86.700000 8.197832
86.750000 8.197831
86.800000 8.197830
86.850000 8.197828
86.900000 8.197827
86.950000 8.197826
87.000000 8.197824
87.050000 8.197823
87.100000 8.197822
87.150000 8.197820
87.200000 8.197819
87.250000 8.197818
87.300000 8.197816
87.350000 8.197815
87.400000 8.197814
87.450000 8.197812
87.500000 8.197811
87.550000 8.197810
87.600000 8.197808
87.650000 8.197807
87.700000 8.197806
87.750000 8.197805
87.800000 8.197803
87.850000 8.197802
87.900000 8.197801
87.950000 8.197799
88.000000 8.197798
88.050000 8.197797
88.100000 8.197796
88.150000 8.197794
88.200000 8.197793
88.250000 8.197792
88.300000 8.197791
88.350000 8.197789
88.400000 8.197788
88.450000 8.197787
88.500000 8.197785
88.550000 8.197784
88.600000 8.197783
88.650000 8.197782
88.700000 8.197780
88.750000 8.197779
88.800000 8.197778
88.850000 8.197777
88.900000 8.197775
88.950000 8.197774
89.000000 8.197773
89.050000 8.197772
89.100000 8.197771
89.150000 8.197769
89.200000 8.197768
89.250000 8.197767
89.300000 8.197766
89.350000 8.197764
89.400000 8.197763
89.450000 8.197762
89.500000 8.197761
89.550000 8.197760
89.600000 8.197758
89.650000 8.197757
89.700000 8.197756
89.750000 8.197755
89.800000 8.197754
89.850000 8.197752
89.900000 8.197751
89.950000 8.197750
90.000000 8.197749
90.050000 8.197748
90.100000 8.197746
90.150000 8.197745
90.200000 8.197744
90.250000 8.197743
90.300000 8.197742
90.350000 8.197740
90.400000 8.197739
90.450000 8.197738
90.500000 8.197737
90.550000 8.197736
90.600000 8.197735
90.650000 8.197733
90.700000 8.197732
90.750000 8.197731
90.800000 8.197730
90.850000 8.197729
90.900000 8.197728
90.950000 8.197726
91.000000 8.197725
91.050000 8.197724
91.100000 8.197723
91.150000 8.197722
91.200000 8.197721
91.250000 8.197720
91.300000 8.197718
91.350000 8.197717
91.400000 8.197716
91.450000 8.197715
91.500000 8.197714
91.550000 8.197713
91.600000 8.197712
91.650000 8.197711
91.700000 8.197709
91.750000 8.197708
91.800000 8.197707
91.850000 8.197706
91.900000 8.197705
91.950000 8.197704
92.000000 8.197703
92.050000 8.197702
92.100000 8.197700
92.150000 8.197699
92.200000 8.197698
92.250000 8.197697
92.300000 8.197696
92.350000 8.197695
92.400000 8.197694
92.450000 8.197693
92.500000 8.197692
92.550000 8.197691
92.600000 8.197690
92.650000 8.197688
92.700000 8.197687
92.750000 8.197686
92.800000 8.197685
92.850000 8.197684
92.900000 8.197683
92.950000 8.197682
93.000000 8.197681
93.050000 8.197680
93.100000 8.197679
93.150000 8.197678
93.200000 8.197677
93.250000 8.197676
93.300000 8.197674
93.350000 8.197673
93.400000 8.197672
93.450000 8.197671
93.500000 8.197670
93.550000 8.197669
93.600000 8.197668
93.650000 8.197667
93.700000 8.197666
93.750000 8.197665
93.800000 8.197664
93.850000 8.197663
93.900000 8.197662
93.950000 8.197661
94.000000 8.197660
94.050000 8.197659
94.100000 8.197658
94.150000 8.197657
94.200000 8.197656
94.250000 8.197655
94.300000 8.197654
94.350000 8.197653
94.400000 8.197652
94.450000 8.197651
94.500000 8.197650
94.550000 8.197648
94.600000 8.197647
94.650000 8.197646
94.700000 8.197645
94.750000 8.197644
94.800000 8.197643
94.850000 8.197642
94.900000 8.197641
94.950000 8.197640
95.000000 8.197639
95.050000 8.197638
95.100000 8.197637
95.150000 8.197636
95.200000 8.197635
95.250000 8.197634
95.300000 8.197633
95.350000 8.197632
95.400000 8.197631
95.450000 8.197630
95.500000 8.197629
95.550000 8.197628
95.600000 8.197628
95.650000 8.197627
95.700000 8.197626
95.750000 8.197625
95.800000 8.197624
95.850000 8.197623
95.900000 8.197622
95.950000 8.197621
96.000000 8.197620
96.050000 8.197619
96.100000 8.197618
96.150000 8.197617
96.200000 8.197616
96.250000 8.197615
96.300000 8.197614
96.350000 8.197613
96.400000 8.197612
96.450000 8.197611
96.500000 8.197610
96.550000 8.197609
96.600000 8.197608
96.650000 8.197607
96.700000 8.197606
96.750000 8.197605
96.800000 8.197604
96.850000 8.197603
96.900000 8.197603
96.950000 8.197602
97.000000 8.197601
97.050000 8.197600
97.100000 8.197599
97.150000 8.197598
97.200000 8.197597
97.250000 8.197596
97.300000 8.197595
97.350000 8.197594
97.400000 8.197593
97.450000 8.197592
97.500000 8.197591
97.550000 8.197590
97.600000 8.197589
97.650000 8.197589
97.700000 8.197588
97.750000 8.197587
97.800000 8.197586
97.850000 8.197585
97.900000 8.197584
97.950000 8.197583
98.000000 8.197582
98.050000 8.197581
98.100000 8.197580
98.150000 8.197579
98.200000 8.197579
98.250000 8.197578
98.300000 8.197577
98.350000 8.197576
98.400000 8.197575
98.450000 8.197574
98.500000 8.197573
98.550000 8.197572
98.600000 8.197571
98.650000 8.197571
98.700000 8.197570
98.750000 8.197569
98.800000 8.197568
98.850000 8.197567
98.900000 8.197566
98.950000 8.197565
99.000000 8.197564
99.050000 8.197563
99.100000 8.197563
99.150000 8.197562
99.200000 8.197561
99.250000 8.197560
99.300000 8.197559
99.350000 8.197558
99.400000 8.197557
99.450000 8.197556
99.500000 8.197556
99.550000 8.197555
99.600000 8.197554
99.650000 8.197553
99.700000 8.197552
99.750000 8.197551
99.800000 8.197550
99.850000 8.197550
99.900000 8.197549
99.950000 8.197548
100.000000 8.197547
